39,2
32,2
0,444
0,443
0,442
0,441
0,386
10,265
10,275
10,173
10,263
10,209
10,31
10,85
10,191
10,2
10,3
11,21
11,10
9,7
9,2
9,3
8,15
8,10
39,3
39,1
34,4
34,3
34,2
34,1
32,4
32,3
32,1
29,3
29,1
23,3
23,1
20,3
20,2
20,1
19,3
19,2
19,1
17,3
17,2
17,1
16,3
16,2
16,1
15,3
15,2
15,1
14,2
12,3
12,2
12,1
11,27
11,26
11,24
11,22
11,20
11,18
11,17
18,1
11,16
11,15
11,14
11,13
11,12
11,7
11,5
11,4
11,3
11,2
18,3
11,1
10,302
10,297
14,1
14,3
10,286
13,1
13,3
10,261
10,242
10,235
10,224
10,207
10,198
10,184
10,180
